# time (ms) voltage (V)
0 -0.24
0.0004 -0.24
0.0008 -0.16
0.0012 -0.24
0.0016 -0.16
0.002 -0.16
0.0024 -0.16
0.0028 4.4
0.0032 4.6
0.0036 4.6
0.004 4.5
0.0044 4.4
0.0048 4.3
0.0052 4.2
0.0056 4.2
0.006 4.1
0.0064 3.9
0.0068 3.8
0.0072 3.8
0.0076 3.8
0.008 3.7
0.0084 3.7
0.0088 3.5
0.0092 3.5
0.0096 3.4
0.01 3.3
0.0104 3.3
0.0108 3.2
0.0112 3.2
0.0116 3.1
0.012 3
0.0124 3
0.0128 3
0.0132 2.9
0.0136 3
0.014 2.7
0.0144 2.8
0.0148 2.6
0.0152 2.8
0.0156 2.6
0.016 2.6
0.0164 2.5
0.0168 2.5
0.0172 2.4
0.0176 2.4
0.018 2.3
0.0184 2.3
0.0188 2.2
0.0192 2.2
0.0196 2.2
0.02 2.1
0.0204 2.1
0.0208 2.1
0.0212 2
0.0216 2
0.022 1.9
0.0224 1.9
0.0228 1.9
0.0232 1.8
0.0236 1.8
0.024 1.8
0.0244 1.7
0.0248 1.8
0.0252 1.7
0.0256 1.6
0.026 1.6
0.0264 1.6
0.0268 1.5
0.0272 1.5
0.0276 1.4
0.028 1.4
0.0284 1.5
0.0288 1.4
0.0292 1.4
0.0296 1.4
0.03 1.3
0.0304 1.3
0.0308 1.3
0.0312 1.3
0.0316 1.3
0.032 1.3
0.0324 1.2
0.0328 1.2
0.0332 1.2
0.0336 1.1
0.034 1.1
0.0344 1.1
0.0348 1.1
0.0352 1.1
0.0356 1.2
0.036 1.1
0.0364 1.1
0.0368 0.96
0.0372 1
0.0376 0.96
0.038 0.96
0.0384 1
0.0388 0.88
0.0392 0.96
0.0396 0.88
0.04 0.88
0.0404 0.88
0.0408 0.88
0.0412 0.88
0.0416 0.88
0.042 0.88
0.0424 0.8
0.0428 0.8
0.0432 0.8
0.0436 0.72
0.044 0.72
0.0444 0.8
0.0448 0.72
0.0452 0.72
0.0456 0.8
0.046 0.72
0.0464 0.72
0.0468 0.72
0.0472 0.64
0.0476 0.72
0.048 0.64
0.0484 0.56
0.0488 0.72
0.0492 0.64
0.0496 0.56
0.05 0.64
0.0504 0.64
0.0508 0.64
0.0512 0.48
0.0516 0.56
0.052 0.64
0.0524 0.56
0.0528 0.56
0.0532 0.48
0.0536 0.48
0.054 0.56
0.0544 0.48
0.0548 0.56
0.0552 0.48
0.0556 0.56
0.056 0.48
0.0564 0.48
0.0568 0.48
0.0572 0.48
0.0576 0.48
0.058 0.4
0.0584 0.48
0.0588 0.48
0.0592 0.48
0.0596 0.4
0.06 0.32
0.0604 0.4
0.0608 0.48
0.0612 0.4
0.0616 0.32
0.062 0.48
0.0624 0.32
0.0628 0.32
0.0632 0.4
0.0636 0.4
0.064 0.4
0.0644 0.4
0.0648 0.32
0.0652 0.4
0.0656 0.4
0.066 0.4
0.0664 0.32
0.0668 0.4
0.0672 0.32
0.0676 0.32
0.068 0.32
0.0684 0.32
0.0688 0.4
0.0692 0.32
0.0696 0.24
0.07 0.24
0.0704 0.32
0.0708 0.32
0.0712 0.32
0.0716 0.32
0.072 0.24
0.0724 0.32
0.0728 0.32
0.0732 0.24
0.0736 0.24
0.074 0.32
0.0744 0.32
0.0748 0.32
0.0752 0.32
0.0756 0.4
0.076 0.32
0.0764 0.32
0.0768 0.24
0.0772 0.24
0.0776 0.24
0.078 0.24
0.0784 0.32
0.0788 0.32
0.0792 0.24
0.0796 0.24
0.08 0.24
0.0804 0.24
0.0808 0.32
0.0812 0.32
0.0816 0.24
0.082 0.32
0.0824 0.32
0.0828 0.24
0.0832 0.24
0.0836 0.16
0.084 0.24
0.0844 0.24
0.0848 0.32
0.0852 0.24
0.0856 0.24
0.086 0.24
0.0864 0.24
0.0868 0.24
0.0872 0.24
0.0876 0.24
0.088 0.24
0.0884 0.24
0.0888 0.24
0.0892 0.24
0.0896 0.16
0.09 0.24
0.0904 0.24
0.0908 0.16
0.0912 0.32
0.0916 0.24
0.092 0.24
0.0924 0.24
0.0928 0.16
0.0932 0.16
0.0936 0.32
0.094 0.16
0.0944 0.24
0.0948 0.16
0.0952 0.32
0.0956 0.24
0.096 0.24
0.0964 0.24
0.0968 0.24
0.0972 0.24
0.0976 0.24
0.098 0.24
0.0984 0.16
0.0988 0.24
0.0992 0.16
0.0996 0.16
0.1 0.16
0.1004 0.24
0.1008 0.16
0.1012 0.16
0.1016 0.24
0.102 0.24
0.1024 0.08
0.1028 0.16
0.1032 0.24
0.1036 0.16
0.104 0.24
0.1044 0.24
0.1048 0.24
0.1052 0.32
0.1056 0.16
0.106 0.16
0.1064 0.24
0.1068 0.24
0.1072 0.24
0.1076 0.24
0.108 0.32
0.1084 0.16
0.1088 0.16
0.1092 0.16
0.1096 0.24
0.11 0.16
0.1104 0.16
0.1108 0.16
0.1112 0.24
0.1116 0.16
0.112 0.16
0.1124 0.24
0.1128 0.24
0.1132 0.24
0.1136 0.16
0.114 0.24
0.1144 0.16
0.1148 0.24
0.1152 0.16
0.1156 0.16
0.116 0.16
0.1164 0.24
0.1168 0.16
0.1172 0.16
0.1176 0.24
0.118 0.16
0.1184 0.16
0.1188 0.16
0.1192 0.24
0.1196 0.24
0.12 0.24
0.1204 0.16
0.1208 0.24
0.1212 0.24
0.1216 0.24
0.122 0.24
0.1224 0.24
0.1228 0.24
0.1232 0.16
0.1236 0.24
0.124 0.16
0.1244 0.24
0.1248 0.24
0.1252 0.24
0.1256 0.16
0.126 0.16
0.1264 0.08
0.1268 0.24
0.1272 0.24
0.1276 0.24
0.128 0.16
0.1284 0.16
0.1288 0.24
0.1292 0.32
0.1296 0.16
0.13 0.16
0.1304 0.16
0.1308 0.24
0.1312 0.08
0.1316 0.24
0.132 0.16
0.1324 0.16
0.1328 0.16
0.1332 0.24
0.1336 0.16
0.134 0.16
0.1344 0.16
0.1348 0.24
0.1352 0.16
0.1356 0.24
0.136 0.16
0.1364 0.16
0.1368 0.16
0.1372 0.16
0.1376 0.16
0.138 0.16
0.1384 0.16
0.1388 0.16
0.1392 0.16
0.1396 0.16
0.14 0.24
0.1404 0.16
0.1408 0.16
0.1412 0.24
0.1416 0.24
0.142 0.16
0.1424 0.16
0.1428 0.16
0.1432 0.16
0.1436 0.16
0.144 0.24
0.1444 0.16
0.1448 0.24
0.1452 0.16
0.1456 0.16
0.146 0.16
0.1464 0.08
0.1468 0.24
0.1472 0.24
0.1476 0.16
0.148 0.24
0.1484 0.16
0.1488 0.16
0.1492 0.24
0.1496 0.24
0.15 0.24
0.1504 0.16
0.1508 0.24
0.1512 0.24
0.1516 0.24
0.152 0.24
0.1524 0.24
0.1528 0.16
0.1532 0.16
0.1536 0.24
0.154 0.16
0.1544 0.24
0.1548 0.16
0.1552 0.16
0.1556 0.24
0.156 0.16
0.1564 0.16
0.1568 0.16
0.1572 0.16
0.1576 0.16
0.158 0.24
0.1584 0.16
0.1588 0.24
0.1592 0.16
0.1596 0.24
0.16 0.24
0.1604 0.24
0.1608 0.16
0.1612 0.16
0.1616 0.16
0.162 0.16
0.1624 0.24
0.1628 0.16
0.1632 0.24
0.1636 0.24
0.164 0.16
0.1644 0.16
0.1648 0.16
0.1652 0.16
0.1656 0.24
0.166 0.16
0.1664 0.24
0.1668 0.16
0.1672 0.16
0.1676 0.24
0.168 0.16
0.1684 0.16
0.1688 0.16
0.1692 0.16
0.1696 0.16
0.17 0.16
0.1704 0.24
0.1708 0.16
0.1712 0.24
0.1716 0.24
0.172 0.16
0.1724 0.16
0.1728 0.24
0.1732 0.16
0.1736 0.24
0.174 0.24
0.1744 0.24
0.1748 0.24
0.1752 0.16
0.1756 0.16
0.176 0.16
0.1764 0.16
0.1768 0.24
0.1772 0.16
0.1776 0.16
0.178 0.16
0.1784 0.08
0.1788 0.16
0.1792 0.16
0.1796 0.16
0.18 0.16
0.1804 0.08
0.1808 0.24
0.1812 0.24
0.1816 0.16
0.182 0.24
0.1824 0.16
0.1828 0.16
0.1832 0.16
0.1836 0.24
0.184 0.32
0.1844 0.24
0.1848 0.16
0.1852 0.24
0.1856 0.16
0.186 0.24
0.1864 0.16
0.1868 0.24
0.1872 0.16
0.1876 0.16
0.188 0.24
0.1884 0.16
0.1888 0.08
0.1892 0.24
0.1896 0.24
0.19 0.08
0.1904 0.16
0.1908 0.16
0.1912 0.16
0.1916 0.16
0.192 0.16
0.1924 0.16
0.1928 0.24
0.1932 0.16
0.1936 0.24
0.194 0.24
0.1944 0.16
0.1948 0.24
0.1952 0.16
0.1956 0.16
0.196 0.16
0.1964 0.16
0.1968 0.16
0.1972 0.16
0.1976 0.24
0.198 0.16
0.1984 0.16
0.1988 0.16
0.1992 0.24
0.1996 0.24
0.2 0.16
0.2004 0.24
0.2008 0.24
0.2012 0.16
0.2016 0.16
0.202 0.16
0.2024 0.16
0.2028 0.08
0.2032 0.16
0.2036 0.24
0.204 0.24
0.2044 0.24
0.2048 0.24
0.2052 0.16
0.2056 0.16
0.206 0.24
0.2064 0.16
0.2068 0.16
0.2072 0.24
0.2076 0.24
0.208 0.16
0.2084 0.16
0.2088 0.16
0.2092 0.24
0.2096 0.16
0.21 0.24
0.2104 0.16
0.2108 0.16
0.2112 0.24
0.2116 0.24
0.212 0.32
0.2124 0.16
0.2128 0.16
0.2132 0.24
0.2136 0.16
0.214 0.24
0.2144 0.24
0.2148 0.24
0.2152 0.16
0.2156 0.16
0.216 0.16
0.2164 0.24
0.2168 0.24
0.2172 0.16
0.2176 0.16
0.218 0.16
0.2184 0.16
0.2188 0.24
0.2192 0.24
0.2196 0.16
0.22 0.16
0.2204 0.24
0.2208 0.24
0.2212 0.16
0.2216 0.16
0.222 0.16
0.2224 0.24
0.2228 0.16
0.2232 0.16
0.2236 0.24
0.224 0.24
0.2244 0.16
0.2248 0.08
0.2252 0.08
0.2256 0.24
0.226 0.16
0.2264 0.16
0.2268 0.24
0.2272 0.24
0.2276 0.16
0.228 0.16
0.2284 0.08
0.2288 0.24
0.2292 0.24
0.2296 0.16
0.23 0.16
0.2304 0.16
0.2308 0.24
0.2312 0.16
0.2316 0.16
0.232 0.08
0.2324 0.08
0.2328 0.24
0.2332 0.16
0.2336 0.16
0.234 0.24
0.2344 0.16
0.2348 0.16
0.2352 0.16
0.2356 0.16
0.236 0.16
0.2364 0.24
0.2368 0.16
0.2372 0.16
0.2376 0.16
0.238 0.24
0.2384 0.16
0.2388 0.32
0.2392 0.16
0.2396 0.24
0.24 0.16
0.2404 0.16
0.2408 0.24
0.2412 0.16
0.2416 0.16
0.242 0.16
0.2424 0.24
0.2428 0.16
0.2432 0.16
0.2436 0.24
0.244 0.16
0.2444 0.16
0.2448 0.16
0.2452 0.16
0.2456 0.16
0.246 0.16
0.2464 0.16
0.2468 0.24
0.2472 0.24
0.2476 0.16
0.248 0.24
0.2484 0.16
0.2488 0.16
0.2492 0.08
0.2496 0.16
0.25 0.24
0.2504 0.16
0.2508 0.16
0.2512 0.16
0.2516 0.16
0.252 0.16
0.2524 0.16
0.2528 -4.3
0.2532 -4.6
0.2536 -4.6
0.254 -4.5
0.2544 -4.4
0.2548 -4.4
0.2552 -4.2
0.2556 -4.2
0.256 -4.1
0.2564 -4
0.2568 -4
0.2572 -3.8
0.2576 -3.8
0.258 -3.7
0.2584 -3.7
0.2588 -3.5
0.2592 -3.5
0.2596 -3.4
0.26 -3.4
0.2604 -3.4
0.2608 -3.3
0.2612 -3.1
0.2616 -3.1
0.262 -3.1
0.2624 -3
0.2628 -3
0.2632 -2.9
0.2636 -2.9
0.264 -2.8
0.2644 -2.7
0.2648 -2.6
0.2652 -2.6
0.2656 -2.6
0.266 -2.6
0.2664 -2.6
0.2668 -2.5
0.2672 -2.4
0.2676 -2.4
0.268 -2.4
0.2684 -2.2
0.2688 -2.2
0.2692 -2.2
0.2696 -2.2
0.27 -2.2
0.2704 -2.1
0.2708 -2
0.2712 -2
0.2716 -2
0.272 -2.1
0.2724 -1.8
0.2728 -1.8
0.2732 -1.8
0.2736 -1.8
0.274 -1.8
0.2744 -1.7
0.2748 -1.8
0.2752 -1.7
0.2756 -1.7
0.276 -1.6
0.2764 -1.7
0.2768 -1.6
0.2772 -1.5
0.2776 -1.6
0.278 -1.4
0.2784 -1.4
0.2788 -1.4
0.2792 -1.4
0.2796 -1.4
0.28 -1.4
0.2804 -1.3
0.2808 -1.4
0.2812 -1.3
0.2816 -1.3
0.282 -1.2
0.2824 -1.3
0.2828 -1.2
0.2832 -1.3
0.2836 -1.2
0.284 -1.1
0.2844 -1.1
0.2848 -1.1
0.2852 -1
0.2856 -1
0.286 -1
0.2864 -0.96
0.2868 -1
0.2872 -0.96
0.2876 -0.96
0.288 -0.96
0.2884 -1
0.2888 -0.96
0.2892 -0.88
0.2896 -1
0.29 -0.88
0.2904 -0.96
0.2908 -0.96
0.2912 -0.88
0.2916 -0.96
0.292 -0.8
0.2924 -0.8
0.2928 -0.8
0.2932 -0.8
0.2936 -0.8
0.294 -0.8
0.2944 -0.72
0.2948 -0.8
0.2952 -0.88
0.2956 -0.72
0.296 -0.64
0.2964 -0.72
0.2968 -0.72
0.2972 -0.72
0.2976 -0.72
0.298 -0.72
0.2984 -0.72
0.2988 -0.64
0.2992 -0.64
0.2996 -0.56
0.3 -0.56
0.3004 -0.64
0.3008 -0.64
0.3012 -0.64
0.3016 -0.64
0.302 -0.56
0.3024 -0.56
0.3028 -0.56
0.3032 -0.64
0.3036 -0.48
0.304 -0.64
0.3044 -0.56
0.3048 -0.48
0.3052 -0.64
0.3056 -0.56
0.306 -0.56
0.3064 -0.56
0.3068 -0.48
0.3072 -0.48
0.3076 -0.48
0.308 -0.48
0.3084 -0.48
0.3088 -0.4
0.3092 -0.48
0.3096 -0.48
0.31 -0.4
0.3104 -0.48
0.3108 -0.48
0.3112 -0.48
0.3116 -0.4
0.312 -0.4
0.3124 -0.48
0.3128 -0.4
0.3132 -0.4
0.3136 -0.4
0.314 -0.4
0.3144 -0.4
0.3148 -0.4
0.3152 -0.48
0.3156 -0.4
0.316 -0.32
0.3164 -0.4
0.3168 -0.4
0.3172 -0.48
0.3176 -0.4
0.318 -0.4
0.3184 -0.4
0.3188 -0.4
0.3192 -0.4
0.3196 -0.32
0.32 -0.32
0.3204 -0.4
0.3208 -0.32
0.3212 -0.24
0.3216 -0.32
0.322 -0.32
0.3224 -0.4
0.3228 -0.4
0.3232 -0.4
0.3236 -0.4
0.324 -0.32
0.3244 -0.32
0.3248 -0.32
0.3252 -0.32
0.3256 -0.32
0.326 -0.32
0.3264 -0.32
0.3268 -0.4
0.3272 -0.32
0.3276 -0.32
0.328 -0.4
0.3284 -0.32
0.3288 -0.32
0.3292 -0.32
0.3296 -0.24
0.33 -0.24
0.3304 -0.32
0.3308 -0.32
0.3312 -0.32
0.3316 -0.32
0.332 -0.32
0.3324 -0.32
0.3328 -0.32
0.3332 -0.32
0.3336 -0.32
0.334 -0.32
0.3344 -0.24
0.3348 -0.32
0.3352 -0.24
0.3356 -0.24
0.336 -0.24
0.3364 -0.24
0.3368 -0.24
0.3372 -0.32
0.3376 -0.24
0.338 -0.24
0.3384 -0.32
0.3388 -0.24
0.3392 -0.24
0.3396 -0.32
0.34 -0.4
0.3404 -0.24
0.3408 -0.24
0.3412 -0.16
0.3416 -0.24
0.342 -0.24
0.3424 -0.24
0.3428 -0.24
0.3432 -0.32
0.3436 -0.32
0.344 -0.24
0.3444 -0.24
0.3448 -0.24
0.3452 -0.24
0.3456 -0.24
0.346 -0.24
0.3464 -0.32
0.3468 -0.24
0.3472 -0.24
0.3476 -0.24
0.348 -0.24
0.3484 -0.24
0.3488 -0.32
0.3492 -0.24
0.3496 -0.24
0.35 -0.32
0.3504 -0.24
0.3508 -0.24
0.3512 -0.16
0.3516 -0.24
0.352 -0.32
0.3524 -0.24
0.3528 -0.16
0.3532 -0.32
0.3536 -0.24
0.354 -0.24
0.3544 -0.24
0.3548 -0.24
0.3552 -0.24
0.3556 -0.24
0.356 -0.24
0.3564 -0.24
0.3568 -0.24
0.3572 -0.24
0.3576 -0.24
0.358 -0.24
0.3584 -0.16
0.3588 -0.24
0.3592 -0.16
0.3596 -0.16
0.36 -0.24
0.3604 -0.16
0.3608 -0.24
0.3612 -0.24
0.3616 -0.24
0.362 -0.24
0.3624 -0.24
0.3628 -0.24
0.3632 -0.24
0.3636 -0.32
0.364 -0.24
0.3644 -0.16
0.3648 -0.16
0.3652 -0.24
0.3656 -0.24
0.366 -0.16
0.3664 -0.32
0.3668 -0.24
0.3672 -0.16
0.3676 -0.24
0.368 -0.24
0.3684 -0.24
0.3688 -0.16
0.3692 -0.16
0.3696 -0.24
0.37 -0.24
0.3704 -0.16
0.3708 -0.24
0.3712 -0.32
0.3716 -0.24
0.372 -0.24
0.3724 -0.24
0.3728 -0.16
0.3732 -0.16
0.3736 -0.16
0.374 -0.24
0.3744 -0.16
0.3748 -0.24
0.3752 -0.24
0.3756 -0.24
0.376 -0.24
0.3764 -0.24
0.3768 -0.16
0.3772 -0.24
0.3776 -0.16
0.378 -0.24
0.3784 -0.24
0.3788 -0.24
0.3792 -0.16
0.3796 -0.24
0.38 -0.24
0.3804 -0.24
0.3808 -0.16
0.3812 -0.16
0.3816 -0.16
0.382 -0.24
0.3824 -0.24
0.3828 -0.16
0.3832 -0.32
0.3836 -0.24
0.384 -0.16
0.3844 -0.24
0.3848 -0.24
0.3852 -0.24
0.3856 -0.16
0.386 -0.24
0.3864 -0.24
0.3868 -0.24
0.3872 -0.16
0.3876 -0.24
0.388 -0.16
0.3884 -0.24
0.3888 -0.16
0.3892 -0.24
0.3896 -0.24
0.39 -0.24
0.3904 -0.24
0.3908 -0.16
0.3912 -0.24
0.3916 -0.24
0.392 -0.16
0.3924 -0.16
0.3928 -0.24
0.3932 -0.24
0.3936 -0.24
0.394 -0.24
0.3944 -0.16
0.3948 -0.24
0.3952 -0.24
0.3956 -0.24
0.396 -0.24
0.3964 -0.24
0.3968 -0.16
0.3972 -0.16
0.3976 -0.24
0.398 -0.24
0.3984 -0.16
0.3988 -0.24
0.3992 -0.24
0.3996 -0.24
0.4 -0.24
0.4004 -0.24
0.4008 -0.16
0.4012 -0.24
0.4016 -0.16
0.402 -0.16
0.4024 -0.16
0.4028 -0.24
0.4032 -0.24
0.4036 -0.24
0.404 -0.24
0.4044 -0.16
0.4048 -0.16
0.4052 -0.16
0.4056 -0.16
0.406 -0.24
0.4064 -0.24
0.4068 -0.24
0.4072 -0.24
0.4076 -0.24
0.408 -0.16
0.4084 -0.24
0.4088 -0.16
0.4092 -0.16
0.4096 -0.24
0.41 -0.16
0.4104 -0.24
0.4108 -0.16
0.4112 -0.24
0.4116 -0.24
0.412 -0.24
0.4124 -0.24
0.4128 -0.24
0.4132 -0.16
0.4136 -0.16
0.414 -0.24
0.4144 -0.16
0.4148 -0.24
0.4152 -0.16
0.4156 -0.32
0.416 -0.16
0.4164 -0.24
0.4168 -0.24
0.4172 -0.16
0.4176 -0.24
0.418 -0.24
0.4184 -0.16
0.4188 -0.16
0.4192 -0.24
0.4196 -0.24
0.42 -0.16
0.4204 -0.24
0.4208 -0.24
0.4212 -0.24
0.4216 -0.24
0.422 -0.16
0.4224 -0.16
0.4228 -0.16
0.4232 -0.24
0.4236 -0.16
0.424 -0.16
0.4244 -0.16
0.4248 -0.16
0.4252 -0.16
0.4256 -0.16
0.426 -0.16
0.4264 -0.24
0.4268 -0.24
0.4272 -0.16
0.4276 -0.16
0.428 -0.16
0.4284 -0.16
0.4288 -0.16
0.4292 -0.24
0.4296 -0.16
0.43 -0.16
0.4304 -0.24
0.4308 -0.16
0.4312 -0.16
0.4316 -0.24
0.432 -0.24
0.4324 -0.24
0.4328 -0.24
0.4332 -0.16
0.4336 -0.24
0.434 -0.24
0.4344 -0.16
0.4348 -0.24
0.4352 -0.16
0.4356 -0.24
0.436 -0.24
0.4364 -0.24
0.4368 -0.08
0.4372 -0.24
0.4376 -0.24
0.438 -0.16
0.4384 -0.24
0.4388 -0.24
0.4392 -0.24
0.4396 -0.16
0.44 -0.24
0.4404 -0.24
0.4408 -0.24
0.4412 -0.24
0.4416 -0.24
0.442 -0.16
0.4424 -0.24
0.4428 -0.24
0.4432 -0.16
0.4436 -0.16
0.444 -0.16
0.4444 -0.24
0.4448 -0.16
0.4452 -0.16
0.4456 -0.24
0.446 -0.24
0.4464 -0.24
0.4468 -0.32
0.4472 -0.16
0.4476 -0.16
0.448 -0.16
0.4484 -0.16
0.4488 -0.24
0.4492 -0.24
0.4496 -0.24
0.45 -0.24
0.4504 -0.24
0.4508 -0.16
0.4512 -0.24
0.4516 -0.24
0.452 -0.16
0.4524 -0.16
0.4528 -0.24
0.4532 -0.24
0.4536 -0.16
0.454 -0.16
0.4544 -0.16
0.4548 -0.16
0.4552 -0.24
0.4556 -0.16
0.456 -0.24
0.4564 -0.24
0.4568 -0.08
0.4572 -0.24
0.4576 -0.24
0.458 -0.24
0.4584 -0.08
0.4588 -0.16
0.4592 -0.24
0.4596 -0.16
0.46 -0.16
0.4604 -0.16
0.4608 -0.24
0.4612 -0.24
0.4616 -0.16
0.462 -0.24
0.4624 -0.24
0.4628 -0.24
0.4632 -0.24
0.4636 -0.24
0.464 -0.16
0.4644 -0.16
0.4648 -0.16
0.4652 -0.16
0.4656 -0.24
0.466 -0.16
0.4664 -0.16
0.4668 -0.16
0.4672 -0.16
0.4676 -0.24
0.468 -0.16
0.4684 -0.16
0.4688 -0.16
0.4692 -0.16
0.4696 -0.16
0.47 -0.24
0.4704 -0.16
0.4708 -0.16
0.4712 -0.24
0.4716 -0.24
0.472 -0.16
0.4724 -0.24
0.4728 -0.24
0.4732 -0.24
0.4736 -0.16
0.474 -0.16
0.4744 -0.24
0.4748 -0.16
0.4752 -0.16
0.4756 -0.16
0.476 -0.16
0.4764 -0.24
0.4768 -0.32
0.4772 -0.16
0.4776 -0.16
0.478 -0.16
0.4784 -0.16
0.4788 -0.16
0.4792 -0.24
0.4796 -0.24
0.48 -0.16
0.4804 -0.24
0.4808 -0.16
0.4812 -0.08
0.4816 -0.16
0.482 -0.24
0.4824 -0.16
0.4828 -0.16
0.4832 -0.16
0.4836 -0.24
0.484 -0.16
0.4844 -0.24
0.4848 -0.16
0.4852 -0.16
0.4856 -0.16
0.486 -0.16
0.4864 -0.24
0.4868 -0.24
0.4872 -0.16
0.4876 -0.24
0.488 -0.16
0.4884 -0.16
0.4888 -0.16
0.4892 -0.24
0.4896 -0.16
0.49 -0.32
0.4904 -0.16
0.4908 -0.16
0.4912 -0.24
0.4916 -0.16
0.492 -0.24
0.4924 -0.24
0.4928 -0.24
0.4932 -0.16
0.4936 -0.24
0.494 -0.24
0.4944 -0.16
0.4948 -0.16
0.4952 -0.24
0.4956 -0.24
0.496 -0.16
0.4964 -0.16
0.4968 -0.16
0.4972 -0.24
0.4976 -0.16
0.498 -0.24
0.4984 -0.24
0.4988 -0.24
0.4992 -0.16
0.4996 -0.16
0.5 -0.16
0.5004 -0.16
0.5008 -0.16
0.5012 -0.16
0.5016 -0.16
0.502 -0.24
0.5024 -0.16
0.5028 4.4
0.5032 4.6
0.5036 4.6
0.504 4.4
0.5044 4.4
0.5048 4.3
0.5052 4.2
0.5056 4.2
0.506 4.1
0.5064 4
0.5068 3.9
0.5072 3.8
0.5076 3.8
0.508 3.8
0.5084 3.7
0.5088 3.6
0.5092 3.4
0.5096 3.4
0.51 3.4
0.5104 3.3
0.5108 3.2
0.5112 3.3
0.5116 3.1
0.512 3
0.5124 3
0.5128 2.9
0.5132 2.9
0.5136 2.9
0.514 2.9
0.5144 2.7
0.5148 2.6
0.5152 2.6
0.5156 2.6
0.516 2.5
0.5164 2.5
0.5168 2.4
0.5172 2.4
0.5176 2.3
0.518 2.3
0.5184 2.3
0.5188 2.2
0.5192 2.2
0.5196 2.1
0.52 2.2
0.5204 2.1
0.5208 2.1
0.5212 2.1
0.5216 1.9
0.522 1.8
0.5224 1.9
0.5228 1.9
0.5232 1.8
0.5236 1.8
0.524 1.8
0.5244 1.7
0.5248 1.8
0.5252 1.7
0.5256 1.6
0.526 1.7
0.5264 1.7
0.5268 1.5
0.5272 1.5
0.5276 1.5
0.528 1.5
0.5284 1.4
0.5288 1.4
0.5292 1.4
0.5296 1.3
0.53 1.4
0.5304 1.3
0.5308 1.4
0.5312 1.3
0.5316 1.3
0.532 1.3
0.5324 1.3
0.5328 1.1
0.5332 1.2
0.5336 1.2
0.534 1.2
0.5344 1.1
0.5348 1
0.5352 1
0.5356 1
0.536 1
0.5364 1
0.5368 1
0.5372 0.96
0.5376 1
0.538 0.96
0.5384 0.96
0.5388 0.88
0.5392 0.96
0.5396 0.88
0.54 0.88
0.5404 0.8
0.5408 0.88
0.5412 0.88
0.5416 0.88
0.542 0.8
0.5424 0.8
0.5428 0.96
0.5432 0.8
0.5436 0.8
0.544 0.8
0.5444 0.72
0.5448 0.8
0.5452 0.72
0.5456 0.8
0.546 0.64
0.5464 0.72
0.5468 0.72
0.5472 0.72
0.5476 0.64
0.548 0.72
0.5484 0.64
0.5488 0.64
0.5492 0.56
0.5496 0.64
0.55 0.64
0.5504 0.64
0.5508 0.56
0.5512 0.56
0.5516 0.56
0.552 0.64
0.5524 0.56
0.5528 0.56
0.5532 0.48
0.5536 0.56
0.554 0.56
0.5544 0.4
0.5548 0.4
0.5552 0.48
0.5556 0.48
0.556 0.48
0.5564 0.56
0.5568 0.56
0.5572 0.48
0.5576 0.48
0.558 0.4
0.5584 0.48
0.5588 0.4
0.5592 0.48
0.5596 0.4
0.56 0.4
0.5604 0.4
0.5608 0.48
0.5612 0.4
0.5616 0.4
0.562 0.32
0.5624 0.4
0.5628 0.4
0.5632 0.4
0.5636 0.4
0.564 0.4
0.5644 0.4
0.5648 0.4
0.5652 0.4
0.5656 0.32
0.566 0.4
0.5664 0.4
0.5668 0.32
0.5672 0.4
0.5676 0.4
0.568 0.32
0.5684 0.4
0.5688 0.32
0.5692 0.32
0.5696 0.4
0.57 0.4
0.5704 0.4
0.5708 0.32
0.5712 0.4
0.5716 0.32
0.572 0.32
0.5724 0.32
0.5728 0.32
0.5732 0.24
0.5736 0.32
0.574 0.4
0.5744 0.32
0.5748 0.32
0.5752 0.24
0.5756 0.32
0.576 0.32
0.5764 0.24
0.5768 0.32
0.5772 0.24
0.5776 0.32
0.578 0.24
0.5784 0.32
0.5788 0.16
0.5792 0.24
0.5796 0.24
0.58 0.32
0.5804 0.32
0.5808 0.32
0.5812 0.24
0.5816 0.24
0.582 0.32
0.5824 0.32
0.5828 0.32
0.5832 0.32
0.5836 0.4
0.584 0.16
0.5844 0.32
0.5848 0.16
0.5852 0.32
0.5856 0.24
0.586 0.16
0.5864 0.24
0.5868 0.24
0.5872 0.24
0.5876 0.24
0.588 0.24
0.5884 0.32
0.5888 0.24
0.5892 0.32
0.5896 0.24
0.59 0.16
0.5904 0.24
0.5908 0.32
0.5912 0.24
0.5916 0.24
0.592 0.24
0.5924 0.16
0.5928 0.24
0.5932 0.16
0.5936 0.16
0.594 0.16
0.5944 0.24
0.5948 0.16
0.5952 0.24
0.5956 0.24
0.596 0.24
0.5964 0.24
0.5968 0.24
0.5972 0.24
0.5976 0.24
0.598 0.16
0.5984 0.16
0.5988 0.24
0.5992 0.24
0.5996 0.24
0.6 0.16
0.6004 0.24
0.6008 0.24
0.6012 0.16
0.6016 0.16
0.602 0.24
0.6024 0.16
0.6028 0.24
0.6032 0.24
0.6036 0.24
0.604 0.24
0.6044 0.24
0.6048 0.32
0.6052 0.24
0.6056 0.16
0.606 0.24
0.6064 0.24
0.6068 0.16
0.6072 0.24
0.6076 0.16
0.608 0.24
0.6084 0.24
0.6088 0.16
0.6092 0.24
0.6096 0.16
0.61 0.16
0.6104 0.24
0.6108 0.24
0.6112 0.16
0.6116 0.24
0.612 0.16
0.6124 0.16
0.6128 0.16
0.6132 0.16
0.6136 0.32
0.614 0.16
0.6144 0.16
0.6148 0.24
0.6152 0.24
0.6156 0.16
0.616 0.08
0.6164 0.24
0.6168 0.24
0.6172 0.24
0.6176 0.24
0.618 0.16
0.6184 0.08
0.6188 0.24
0.6192 0.16
0.6196 0.24
0.62 0.16
0.6204 0.24
0.6208 0.16
0.6212 0.16
0.6216 0.16
0.622 0.16
0.6224 0.24
0.6228 0.24
0.6232 0.24
0.6236 0.16
0.624 0.24
0.6244 0.16
0.6248 0.16
0.6252 0.24
0.6256 0.16
0.626 0.24
0.6264 0.24
0.6268 0.24
0.6272 0.16
0.6276 0.16
0.628 0.08
0.6284 0.16
0.6288 0.24
0.6292 0.16
0.6296 0.16
0.63 0.24
0.6304 0.16
0.6308 0.16
0.6312 0.16
0.6316 0.16
0.632 0.16
0.6324 0.16
0.6328 0.24
0.6332 0.16
0.6336 0.16
0.634 0.24
0.6344 0.16
0.6348 0.16
0.6352 0.24
0.6356 0.16
0.636 0.16
0.6364 0.24
0.6368 0.16
0.6372 0.16
0.6376 0.16
0.638 0.24
0.6384 0.24
0.6388 0.16
0.6392 0.16
0.6396 0.24
0.64 0.16
0.6404 0.16
0.6408 0.16
0.6412 0.16
0.6416 0.16
0.642 0.24
0.6424 0.24
0.6428 0.24
0.6432 0.16
0.6436 0.16
0.644 0.24
0.6444 0.16
0.6448 0.16
0.6452 0.24
0.6456 0.16
0.646 0.16
0.6464 0.16
0.6468 0.16
0.6472 0.24
0.6476 0.16
0.648 0.24
0.6484 0.16
0.6488 0.24
0.6492 0.16
0.6496 0.24
0.65 0.24
0.6504 0.16
0.6508 0.16
0.6512 0.24
0.6516 0.24
0.652 0.24
0.6524 0.16
0.6528 0.16
0.6532 0.16
0.6536 0.16
0.654 0.16
0.6544 0.16
0.6548 0.24
0.6552 0.16
0.6556 0.08
0.656 0.32
0.6564 0.24
0.6568 0.16
0.6572 0.16
0.6576 0.16
0.658 0.24
0.6584 0.16
0.6588 0.24
0.6592 0.24
0.6596 0.16
0.66 0.08
0.6604 0.16
0.6608 0.16
0.6612 0.16
0.6616 0.24
0.662 0.24
0.6624 0.16
0.6628 0.24
0.6632 0.24
0.6636 0.24
0.664 0.08
0.6644 0.24
0.6648 0.24
0.6652 0.24
0.6656 0.16
0.666 0.24
0.6664 0.32
0.6668 0.24
0.6672 0.24
0.6676 0.08
0.668 0.16
0.6684 0.24
0.6688 0.08
0.6692 0.24
0.6696 0.24
0.67 0.16
0.6704 0.16
0.6708 0.16
0.6712 0.16
0.6716 0.16
0.672 0.24
0.6724 0.16
0.6728 0.24
0.6732 0.16
0.6736 0.16
0.674 0.16
0.6744 0.24
0.6748 0.16
0.6752 0.24
0.6756 0.24
0.676 0.16
0.6764 0.16
0.6768 0.16
0.6772 0.16
0.6776 0.16
0.678 0.24
0.6784 0.16
0.6788 0.16
0.6792 0.24
0.6796 0.16
0.68 0.24
0.6804 0.24
0.6808 0.24
0.6812 0.24
0.6816 0.16
0.682 0.24
0.6824 0.24
0.6828 0.24
0.6832 0.24
0.6836 0.24
0.684 0.24
0.6844 0.24
0.6848 0.08
0.6852 0.24
0.6856 0.16
0.686 0.16
0.6864 0.16
0.6868 0.24
0.6872 0.16
0.6876 0.16
0.688 0.16
0.6884 0.24
0.6888 0.16
0.6892 0.24
0.6896 0.24
0.69 0.08
0.6904 0.16
0.6908 0.24
0.6912 0.16
0.6916 0.16
0.692 0.16
0.6924 0.16
0.6928 0.16
0.6932 0.24
0.6936 0.16
0.694 0.16
0.6944 0.24
0.6948 0.16
0.6952 0.08
0.6956 0.24
0.696 0.16
0.6964 0.16
0.6968 0.24
0.6972 0.16
0.6976 0.24
0.698 0.24
0.6984 0.24
0.6988 0.24
0.6992 0.24
0.6996 0.24
0.7 0.16
0.7004 0.16
0.7008 0.16
0.7012 0.24
0.7016 0.16
0.702 0.16
0.7024 0.16
0.7028 0.24
0.7032 0.08
0.7036 0.16
0.704 0.24
0.7044 0.24
0.7048 0.16
0.7052 0.16
0.7056 0.24
0.706 0.24
0.7064 0.24
0.7068 0.16
0.7072 0.08
0.7076 0.16
0.708 0.24
0.7084 0.16
0.7088 0.24
0.7092 0.24
0.7096 0.24
0.71 0.16
0.7104 0.16
0.7108 0.16
0.7112 0.16
0.7116 0.16
0.712 0.24
0.7124 0.16
0.7128 0.16
0.7132 0.16
0.7136 0.16
0.714 0.24
0.7144 0.24
0.7148 0.24
0.7152 0.16
0.7156 0.16
0.716 0.24
0.7164 0.24
0.7168 0.08
0.7172 0.16
0.7176 0.24
0.718 0.16
0.7184 0.16
0.7188 0.24
0.7192 0.16
0.7196 0.16
0.72 0.16
0.7204 0.16
0.7208 0.16
0.7212 0.16
0.7216 0.24
0.722 0.16
0.7224 0.16
0.7228 0.24
0.7232 0.16
0.7236 0.16
0.724 0.16
0.7244 0.24
0.7248 0.16
0.7252 0.16
0.7256 0.16
0.726 0.16
0.7264 0.16
0.7268 0.16
0.7272 0.24
0.7276 0.16
0.728 0.24
0.7284 0.16
0.7288 0.16
0.7292 0.24
0.7296 0.16
0.73 0.16
0.7304 0.16
0.7308 0.16
0.7312 0.24
0.7316 0.16
0.732 0.16
0.7324 0.16
0.7328 0.16
0.7332 0.16
0.7336 0.16
0.734 0.16
0.7344 0.16
0.7348 0.08
0.7352 0.24
0.7356 0.16
0.736 0.16
0.7364 0.16
0.7368 0.16
0.7372 0.16
0.7376 0.16
0.738 0.16
0.7384 0.24
0.7388 0.16
0.7392 0.24
0.7396 0.24
0.74 0.16
0.7404 0.24
0.7408 0.16
0.7412 0.24
0.7416 0.16
0.742 0.24
0.7424 0.16
0.7428 0.16
0.7432 0.08
0.7436 0.24
0.744 0.24
0.7444 0.16
0.7448 0.24
0.7452 0.16
0.7456 0.16
0.746 0.16
0.7464 0.24
0.7468 0.16
0.7472 0.24
0.7476 0.24
0.748 0.16
0.7484 0.24
0.7488 0.24
0.7492 0.24
0.7496 0.16
0.75 0.16
0.7504 0.08
0.7508 0.16
0.7512 0.16
0.7516 0.16
0.752 0.24
0.7524 0.16
0.7528 -4.4
0.7532 -4.6
0.7536 -4.5
0.754 -4.6
0.7544 -4.4
0.7548 -4.2
0.7552 -4.2
0.7556 -4.2
0.756 -4.1
0.7564 -4
0.7568 -3.9
0.7572 -3.8
0.7576 -3.8
0.758 -3.7
0.7584 -3.6
0.7588 -3.6
0.7592 -3.5
0.7596 -3.4
0.76 -3.4
0.7604 -3.3
0.7608 -3.3
0.7612 -3.3
0.7616 -3.1
0.762 -3.1
0.7624 -3
0.7628 -3
0.7632 -3
0.7636 -2.9
0.764 -2.9
0.7644 -2.7
0.7648 -2.8
0.7652 -2.6
0.7656 -2.6
0.766 -2.6
0.7664 -2.5
0.7668 -2.6
0.7672 -2.5
0.7676 -2.3
0.768 -2.3
0.7684 -2.3
0.7688 -2.3
0.7692 -2.2
0.7696 -2.2
0.77 -2.2
0.7704 -2.1
0.7708 -2.1
0.7712 -2.1
0.7716 -1.9
0.772 -1.9
0.7724 -2
0.7728 -1.9
0.7732 -1.9
0.7736 -1.8
0.774 -1.8
0.7744 -1.8
0.7748 -1.7
0.7752 -1.7
0.7756 -1.7
0.776 -1.6
0.7764 -1.6
0.7768 -1.6
0.7772 -1.5
0.7776 -1.5
0.778 -1.5
0.7784 -1.4
0.7788 -1.4
0.7792 -1.4
0.7796 -1.4
0.78 -1.4
0.7804 -1.4
0.7808 -1.4
0.7812 -1.3
0.7816 -1.3
0.782 -1.3
0.7824 -1.3
0.7828 -1.2
0.7832 -1.1
0.7836 -1.2
0.784 -1.1
0.7844 -1.2
0.7848 -1.1
0.7852 -1.1
0.7856 -1
0.786 -1
0.7864 -1
0.7868 -1
0.7872 -0.96
0.7876 -0.96
0.788 -0.96
0.7884 -0.96
0.7888 -0.88
0.7892 -1
0.7896 -0.96
0.79 -0.96
0.7904 -0.88
0.7908 -0.88
0.7912 -0.88
0.7916 -0.88
0.792 -0.88
0.7924 -0.8
0.7928 -0.8
0.7932 -0.8
0.7936 -0.72
0.794 -0.72
0.7944 -0.72
0.7948 -0.8
0.7952 -0.72
0.7956 -0.8
0.796 -0.72
0.7964 -0.72
0.7968 -0.64
0.7972 -0.72
0.7976 -0.64
0.798 -0.72
0.7984 -0.56
0.7988 -0.64
0.7992 -0.64
0.7996 -0.64
0.8 -0.64
0.8004 -0.64
0.8008 -0.64
0.8012 -0.56
0.8016 -0.56
0.802 -0.56
0.8024 -0.56
0.8028 -0.56
0.8032 -0.56
0.8036 -0.56
0.804 -0.56
0.8044 -0.56
0.8048 -0.48
0.8052 -0.56
0.8056 -0.56
0.806 -0.48
0.8064 -0.48
0.8068 -0.48
0.8072 -0.48
0.8076 -0.56
0.808 -0.4
0.8084 -0.48
0.8088 -0.48
0.8092 -0.48
0.8096 -0.48
0.81 -0.48
0.8104 -0.48
0.8108 -0.4
0.8112 -0.4
0.8116 -0.48
0.812 -0.4
0.8124 -0.48
0.8128 -0.4
0.8132 -0.48
0.8136 -0.4
0.814 -0.4
0.8144 -0.4
0.8148 -0.4
0.8152 -0.48
0.8156 -0.32
0.816 -0.48
0.8164 -0.4
0.8168 -0.32
0.8172 -0.32
0.8176 -0.32
0.818 -0.4
0.8184 -0.4
0.8188 -0.4
0.8192 -0.4
0.8196 -0.32
0.82 -0.4
0.8204 -0.24
0.8208 -0.4
0.8212 -0.32
0.8216 -0.4
0.822 -0.32
0.8224 -0.32
0.8228 -0.32
0.8232 -0.4
0.8236 -0.4
0.824 -0.32
0.8244 -0.32
0.8248 -0.32
0.8252 -0.32
0.8256 -0.24
0.826 -0.4
0.8264 -0.32
0.8268 -0.32
0.8272 -0.32
0.8276 -0.32
0.828 -0.24
0.8284 -0.24
0.8288 -0.24
0.8292 -0.24
0.8296 -0.32
0.83 -0.32
0.8304 -0.24
0.8308 -0.24
0.8312 -0.24
0.8316 -0.24
0.832 -0.24
0.8324 -0.24
0.8328 -0.32
0.8332 -0.32
0.8336 -0.32
0.834 -0.32
0.8344 -0.32
0.8348 -0.24
0.8352 -0.32
0.8356 -0.32
0.836 -0.24
0.8364 -0.32
0.8368 -0.24
0.8372 -0.32
0.8376 -0.16
0.838 -0.32
0.8384 -0.24
0.8388 -0.24
0.8392 -0.32
0.8396 -0.24
0.84 -0.24
0.8404 -0.32
0.8408 -0.32
0.8412 -0.32
0.8416 -0.24
0.842 -0.24
0.8424 -0.24
0.8428 -0.24
0.8432 -0.24
0.8436 -0.32
0.844 -0.16
0.8444 -0.24
0.8448 -0.24
0.8452 -0.24
0.8456 -0.24
0.846 -0.16
0.8464 -0.24
0.8468 -0.24
0.8472 -0.16
0.8476 -0.24
0.848 -0.32
0.8484 -0.24
0.8488 -0.24
0.8492 -0.24
0.8496 -0.24
0.85 -0.24
0.8504 -0.32
0.8508 -0.24
0.8512 -0.16
0.8516 -0.24
0.852 -0.24
0.8524 -0.24
0.8528 -0.24
0.8532 -0.24
0.8536 -0.24
0.854 -0.16
0.8544 -0.24
0.8548 -0.24
0.8552 -0.24
0.8556 -0.24
0.856 -0.24
0.8564 -0.24
0.8568 -0.24
0.8572 -0.16
0.8576 -0.16
0.858 -0.24
0.8584 -0.32
0.8588 -0.16
0.8592 -0.24
0.8596 -0.32
0.86 -0.16
0.8604 -0.24
0.8608 -0.16
0.8612 -0.24
0.8616 -0.24
0.862 -0.24
0.8624 -0.16
0.8628 -0.24
0.8632 -0.16
0.8636 -0.24
0.864 -0.24
0.8644 -0.16
0.8648 -0.24
0.8652 -0.32
0.8656 -0.24
0.866 -0.16
0.8664 -0.24
0.8668 -0.24
0.8672 -0.16
0.8676 -0.16
0.868 -0.24
0.8684 -0.24
0.8688 -0.24
0.8692 -0.24
0.8696 -0.24
0.87 -0.24
0.8704 -0.24
0.8708 -0.24
0.8712 -0.24
0.8716 -0.24
0.872 -0.24
0.8724 -0.24
0.8728 -0.24
0.8732 -0.16
0.8736 -0.24
0.874 -0.24
0.8744 -0.24
0.8748 -0.24
0.8752 -0.16
0.8756 -0.16
0.876 -0.24
0.8764 -0.24
0.8768 -0.24
0.8772 -0.16
0.8776 -0.16
0.878 -0.16
0.8784 -0.24
0.8788 -0.24
0.8792 -0.16
0.8796 -0.24
0.88 -0.16
0.8804 -0.24
0.8808 -0.16
0.8812 -0.24
0.8816 -0.16
0.882 -0.32
0.8824 -0.24
0.8828 -0.24
0.8832 -0.24
0.8836 -0.16
0.884 -0.16
0.8844 -0.16
0.8848 -0.24
0.8852 -0.24
0.8856 -0.24
0.886 -0.32
0.8864 -0.16
0.8868 -0.24
0.8872 -0.24
0.8876 -0.24
0.888 -0.24
0.8884 -0.16
0.8888 -0.24
0.8892 -0.32
0.8896 -0.16
0.89 -0.24
0.8904 -0.24
0.8908 -0.16
0.8912 -0.24
0.8916 -0.24
0.892 -0.16
0.8924 -0.24
0.8928 -0.24
0.8932 -0.32
0.8936 -0.16
0.894 -0.16
0.8944 -0.32
0.8948 -0.16
0.8952 -0.24
0.8956 -0.16
0.896 -0.16
0.8964 -0.16
0.8968 -0.16
0.8972 -0.24
0.8976 -0.24
0.898 -0.24
0.8984 -0.16
0.8988 -0.24
0.8992 -0.24
0.8996 -0.16
0.9 -0.16
0.9004 -0.08
0.9008 -0.16
0.9012 -0.24
0.9016 -0.16
0.902 -0.24
0.9024 -0.16
0.9028 -0.24
0.9032 -0.16
0.9036 -0.24
0.904 -0.16
0.9044 -0.24
0.9048 -0.16
0.9052 -0.24
0.9056 -0.16
0.906 -0.16
0.9064 -0.16
0.9068 -0.24
0.9072 -0.16
0.9076 -0.24
0.908 -0.24
0.9084 -0.24
0.9088 -0.24
0.9092 -0.16
0.9096 -0.24
0.91 -0.24
0.9104 -0.24
0.9108 -0.24
0.9112 -0.24
0.9116 -0.24
0.912 -0.24
0.9124 -0.32
0.9128 -0.24
0.9132 -0.16
0.9136 -0.24
0.914 -0.16
0.9144 -0.24
0.9148 -0.24
0.9152 -0.24
0.9156 -0.24
0.916 -0.24
0.9164 -0.24
0.9168 -0.24
0.9172 -0.24
0.9176 -0.16
0.918 -0.24
0.9184 -0.24
0.9188 -0.16
0.9192 -0.24
0.9196 -0.16
0.92 -0.16
0.9204 -0.24
0.9208 -0.24
0.9212 -0.24
0.9216 -0.24
0.922 -0.24
0.9224 -0.16
0.9228 -0.24
0.9232 -0.16
0.9236 -0.24
0.924 -0.16
0.9244 -0.24
0.9248 -0.24
0.9252 -0.16
0.9256 -0.24
0.926 -0.24
0.9264 -0.24
0.9268 -0.24
0.9272 -0.16
0.9276 -0.24
0.928 -0.24
0.9284 -0.16
0.9288 -0.24
0.9292 -0.24
0.9296 -0.24
0.93 -0.24
0.9304 -0.24
0.9308 -0.16
0.9312 -0.24
0.9316 -0.24
0.932 -0.24
0.9324 -0.24
0.9328 -0.32
0.9332 -0.16
0.9336 -0.16
0.934 -0.16
0.9344 -0.16
0.9348 -0.24
0.9352 -0.24
0.9356 -0.24
0.936 -0.24
0.9364 -0.24
0.9368 -0.24
0.9372 -0.16
0.9376 -0.24
0.938 -0.24
0.9384 -0.24
0.9388 -0.24
0.9392 -0.24
0.9396 -0.16
0.94 -0.24
0.9404 -0.24
0.9408 -0.24
0.9412 -0.16
0.9416 -0.24
0.942 -0.24
0.9424 -0.16
0.9428 -0.24
0.9432 -0.08
0.9436 -0.24
0.944 -0.24
0.9444 -0.24
0.9448 -0.24
0.9452 -0.24
0.9456 -0.24
0.946 -0.24
0.9464 -0.16
0.9468 -0.24
0.9472 -0.24
0.9476 -0.24
0.948 -0.16
0.9484 -0.32
0.9488 -0.24
0.9492 -0.24
0.9496 -0.24
0.95 -0.24
0.9504 -0.24
0.9508 -0.24
0.9512 -0.24
0.9516 -0.16
0.952 -0.16
0.9524 -0.16
0.9528 -0.16
0.9532 -0.16
0.9536 -0.16
0.954 -0.24
0.9544 -0.16
0.9548 -0.24
0.9552 -0.24
0.9556 -0.16
0.956 -0.16
0.9564 -0.24
0.9568 -0.24
0.9572 -0.24
0.9576 -0.24
0.958 -0.32
0.9584 -0.24
0.9588 -0.16
0.9592 -0.24
0.9596 -0.16
0.96 -0.24
0.9604 -0.24
0.9608 -0.24
0.9612 -0.24
0.9616 -0.24
0.962 -0.16
0.9624 -0.16
0.9628 -0.16
0.9632 -0.16
0.9636 -0.16
0.964 -0.24
0.9644 -0.24
0.9648 -0.32
0.9652 -0.24
0.9656 -0.16
0.966 -0.24
0.9664 -0.24
0.9668 -0.16
0.9672 -0.24
0.9676 -0.16
0.968 -0.16
0.9684 -0.24
0.9688 -0.24
0.9692 -0.24
0.9696 -0.24
0.97 -0.24
0.9704 -0.24
0.9708 -0.24
0.9712 -0.16
0.9716 -0.16
0.972 -0.24
0.9724 -0.24
0.9728 -0.16
0.9732 -0.24
0.9736 -0.32
0.974 -0.24
0.9744 -0.16
0.9748 -0.08
0.9752 -0.16
0.9756 -0.16
0.976 -0.24
0.9764 -0.16
0.9768 -0.24
0.9772 -0.24
0.9776 -0.16
0.978 -0.16
0.9784 -0.16
0.9788 -0.24
0.9792 -0.24
0.9796 -0.16
0.98 -0.24
0.9804 -0.24
0.9808 -0.24
0.9812 -0.16
0.9816 -0.24
0.982 -0.24
0.9824 -0.24
0.9828 -0.24
0.9832 -0.24
0.9836 -0.24
0.984 -0.16
0.9844 -0.24
0.9848 -0.16
0.9852 -0.16
0.9856 -0.24
0.986 -0.16
0.9864 -0.16
0.9868 -0.24
0.9872 -0.24
0.9876 -0.24
0.988 -0.24
0.9884 -0.16
0.9888 -0.16
0.9892 -0.24
0.9896 -0.24
0.99 -0.16
0.9904 -0.16
0.9908 -0.16
0.9912 -0.24
0.9916 -0.24
0.992 -0.16
0.9924 -0.16
0.9928 -0.08
0.9932 -0.16
0.9936 -0.24
0.994 -0.24
0.9944 -0.24
0.9948 -0.24
0.9952 -0.24
0.9956 -0.16
0.996 -0.24
0.9964 -0.24
0.9968 -0.16
0.9972 -0.16
0.9976 -0.16
0.998 -0.16
0.9984 -0.16
0.9988 -0.24
0.9992 -0.24
0.9996 -0.24
